Name,pitchcenter,scale,C,C#/Db,D,D#/Eb,E,F,F#/Gb,G,G#/Ab,A,A#/Bb,B
Prelude1,C,major,19.7822,0.726,13.2486,1.0889,11.4338,11.6152,2.5408,20.5082,0.726,9.0744,1.8149,7.441
Prelude1,C#/Db,major,0.726,13.2486,1.0889,11.4338,11.6152,2.5408,20.5082,0.726,9.0744,1.8149,7.441,19.7822
Prelude1,D,major,13.2486,1.0889,11.4338,11.6152,2.5408,20.5082,0.726,9.0744,1.8149,7.441,19.7822,0.726
Prelude1,D#/Eb,major,1.0889,11.4338,11.6152,2.5408,20.5082,0.726,9.0744,1.8149,7.441,19.7822,0.726,13.2486
Prelude1,E,major,11.4338,11.6152,2.5408,20.5082,0.726,9.0744,1.8149,7.441,19.7822,0.726,13.2486,1.0889
Prelude1,F,major,11.6152,2.5408,20.5082,0.726,9.0744,1.8149,7.441,19.7822,0.726,13.2486,1.0889,11.4338
Prelude1,F#/Gb,major,2.5408,20.5082,0.726,9.0744,1.8149,7.441,19.7822,0.726,13.2486,1.0889,11.4338,11.6152
Prelude1,G,major,20.5082,0.726,9.0744,1.8149,7.441,19.7822,0.726,13.2486,1.0889,11.4338,11.6152,2.5408
Prelude1,G#/Ab,major,0.726,9.0744,1.8149,7.441,19.7822,0.726,13.2486,1.0889,11.4338,11.6152,2.5408,20.5082
Prelude1,A,major,9.0744,1.8149,7.441,19.7822,0.726,13.2486,1.0889,11.4338,11.6152,2.5408,20.5082,0.726
Prelude1,A#/Bb,major,1.8149,7.441,19.7822,0.726,13.2486,1.0889,11.4338,11.6152,2.5408,20.5082,0.726,9.0744
Prelude1,B,major,7.441,19.7822,0.726,13.2486,1.0889,11.4338,11.6152,2.5408,20.5082,0.726,9.0744,1.8149
Prelude2,C,minor,16.4384,0.0913,13.3333,14.8858,3.653,14.3379,2.1918,13.6073,7.5799,3.8356,3.8356,6.21
Prelude2,C#/Db,minor,0.0913,13.3333,14.8858,3.653,14.3379,2.1918,13.6073,7.5799,3.8356,3.8356,6.21,16.4384
Prelude2,D,minor,13.3333,14.8858,3.653,14.3379,2.1918,13.6073,7.5799,3.8356,3.8356,6.21,16.4384,0.0913
Prelude2,D#/Eb,minor,14.8858,3.653,14.3379,2.1918,13.6073,7.5799,3.8356,3.8356,6.21,16.4384,0.0913,13.3333
Prelude2,E,minor,3.653,14.3379,2.1918,13.6073,7.5799,3.8356,3.8356,6.21,16.4384,0.0913,13.3333,14.8858
Prelude2,F,minor,14.3379,2.1918,13.6073,7.5799,3.8356,3.8356,6.21,16.4384,0.0913,13.3333,14.8858,3.653
Prelude2,F#/Gb,minor,2.1918,13.6073,7.5799,3.8356,3.8356,6.21,16.4384,0.0913,13.3333,14.8858,3.653,14.3379
Prelude2,G,minor,13.6073,7.5799,3.8356,3.8356,6.21,16.4384,0.0913,13.3333,14.8858,3.653,14.3379,2.1918
Prelude2,G#/Ab,minor,7.5799,3.8356,3.8356,6.21,16.4384,0.0913,13.3333,14.8858,3.653,14.3379,2.1918,13.6073
Prelude2,A,minor,3.8356,3.8356,6.21,16.4384,0.0913,13.3333,14.8858,3.653,14.3379,2.1918,13.6073,7.5799
Prelude2,A#/Bb,minor,3.8356,6.21,16.4384,0.0913,13.3333,14.8858,3.653,14.3379,2.1918,13.6073,7.5799,3.8356
Prelude2,B,minor,6.21,16.4384,0.0913,13.3333,14.8858,3.653,14.3379,2.1918,13.6073,7.5799,3.8356,3.8356
Prelude3,C,major,15.2898,1.233,13.9334,2.0962,10.7275,10.8508,2.0962,20.9618,1.3564,11.8372,1.9729,7.6449
Prelude3,C#/Db,major,1.233,13.9334,2.0962,10.7275,10.8508,2.0962,20.9618,1.3564,11.8372,1.9729,7.6449,15.2898
Prelude3,D,major,13.9334,2.0962,10.7275,10.8508,2.0962,20.9618,1.3564,11.8372,1.9729,7.6449,15.2898,1.233
Prelude3,D#/Eb,major,2.0962,10.7275,10.8508,2.0962,20.9618,1.3564,11.8372,1.9729,7.6449,15.2898,1.233,13.9334
Prelude3,E,major,10.7275,10.8508,2.0962,20.9618,1.3564,11.8372,1.9729,7.6449,15.2898,1.233,13.9334,2.0962
Prelude3,F,major,10.8508,2.0962,20.9618,1.3564,11.8372,1.9729,7.6449,15.2898,1.233,13.9334,2.0962,10.7275
Prelude3,F#/Gb,major,2.0962,20.9618,1.3564,11.8372,1.9729,7.6449,15.2898,1.233,13.9334,2.0962,10.7275,10.8508
Prelude3,G,major,20.9618,1.3564,11.8372,1.9729,7.6449,15.2898,1.233,13.9334,2.0962,10.7275,10.8508,2.0962
Prelude3,G#/Ab,major,1.3564,11.8372,1.9729,7.6449,15.2898,1.233,13.9334,2.0962,10.7275,10.8508,2.0962,20.9618
Prelude3,A,major,11.8372,1.9729,7.6449,15.2898,1.233,13.9334,2.0962,10.7275,10.8508,2.0962,20.9618,1.3564
Prelude3,A#/Bb,major,1.9729,7.6449,15.2898,1.233,13.9334,2.0962,10.7275,10.8508,2.0962,20.9618,1.3564,11.8372
Prelude3,B,major,7.6449,15.2898,1.233,13.9334,2.0962,10.7275,10.8508,2.0962,20.9618,1.3564,11.8372,1.9729
Prelude4,C,minor,14.3255,1.1127,13.7691,10.9875,0.9736,11.4047,2.0862,16.1335,8.7622,5.7024,7.5104,7.2323
Prelude4,C#/Db,minor,1.1127,13.7691,10.9875,0.9736,11.4047,2.0862,16.1335,8.7622,5.7024,7.5104,7.2323,14.3255
Prelude4,D,minor,13.7691,10.9875,0.9736,11.4047,2.0862,16.1335,8.7622,5.7024,7.5104,7.2323,14.3255,1.1127
Prelude4,D#/Eb,minor,10.9875,0.9736,11.4047,2.0862,16.1335,8.7622,5.7024,7.5104,7.2323,14.3255,1.1127,13.7691
Prelude4,E,minor,0.9736,11.4047,2.0862,16.1335,8.7622,5.7024,7.5104,7.2323,14.3255,1.1127,13.7691,10.9875
Prelude4,F,minor,11.4047,2.0862,16.1335,8.7622,5.7024,7.5104,7.2323,14.3255,1.1127,13.7691,10.9875,0.9736
Prelude4,F#/Gb,minor,2.0862,16.1335,8.7622,5.7024,7.5104,7.2323,14.3255,1.1127,13.7691,10.9875,0.9736,11.4047
Prelude4,G,minor,16.1335,8.7622,5.7024,7.5104,7.2323,14.3255,1.1127,13.7691,10.9875,0.9736,11.4047,2.0862
Prelude4,G#/Ab,minor,8.7622,5.7024,7.5104,7.2323,14.3255,1.1127,13.7691,10.9875,0.9736,11.4047,2.0862,16.1335
Prelude4,A,minor,5.7024,7.5104,7.2323,14.3255,1.1127,13.7691,10.9875,0.9736,11.4047,2.0862,16.1335,8.7622
Prelude4,A#/Bb,minor,7.5104,7.2323,14.3255,1.1127,13.7691,10.9875,0.9736,11.4047,2.0862,16.1335,8.7622,5.7024
Prelude4,B,minor,7.2323,14.3255,1.1127,13.7691,10.9875,0.9736,11.4047,2.0862,16.1335,8.7622,5.7024,7.5104
Prelude5,C,major,14.624,1.532,13.3705,3.3426,12.8134,10.3064,4.5961,13.5097,1.532,12.5348,3.3426,8.4958
Prelude5,C#/Db,major,1.532,13.3705,3.3426,12.8134,10.3064,4.5961,13.5097,1.532,12.5348,3.3426,8.4958,14.624
Prelude5,D,major,13.3705,3.3426,12.8134,10.3064,4.5961,13.5097,1.532,12.5348,3.3426,8.4958,14.624,1.532
Prelude5,D#/Eb,major,3.3426,12.8134,10.3064,4.5961,13.5097,1.532,12.5348,3.3426,8.4958,14.624,1.532,13.3705
Prelude5,E,major,12.8134,10.3064,4.5961,13.5097,1.532,12.5348,3.3426,8.4958,14.624,1.532,13.3705,3.3426
Prelude5,F,major,10.3064,4.5961,13.5097,1.532,12.5348,3.3426,8.4958,14.624,1.532,13.3705,3.3426,12.8134
Prelude5,F#/Gb,major,4.5961,13.5097,1.532,12.5348,3.3426,8.4958,14.624,1.532,13.3705,3.3426,12.8134,10.3064
Prelude5,G,major,13.5097,1.532,12.5348,3.3426,8.4958,14.624,1.532,13.3705,3.3426,12.8134,10.3064,4.5961
Prelude5,G#/Ab,major,1.532,12.5348,3.3426,8.4958,14.624,1.532,13.3705,3.3426,12.8134,10.3064,4.5961,13.5097
Prelude5,A,major,12.5348,3.3426,8.4958,14.624,1.532,13.3705,3.3426,12.8134,10.3064,4.5961,13.5097,1.532
Prelude5,A#/Bb,major,3.3426,8.4958,14.624,1.532,13.3705,3.3426,12.8134,10.3064,4.5961,13.5097,1.532,12.5348
Prelude5,B,major,8.4958,14.624,1.532,13.3705,3.3426,12.8134,10.3064,4.5961,13.5097,1.532,12.5348,3.3426
Prelude6,C,minor,18.2398,2.1684,10.2041,10.9694,3.3163,13.5204,2.1684,12.8827,10.8418,2.4235,7.6531,5.6122
Prelude6,C#/Db,minor,2.1684,10.2041,10.9694,3.3163,13.5204,2.1684,12.8827,10.8418,2.4235,7.6531,5.6122,18.2398
Prelude6,D,minor,10.2041,10.9694,3.3163,13.5204,2.1684,12.8827,10.8418,2.4235,7.6531,5.6122,18.2398,2.1684
Prelude6,D#/Eb,minor,10.9694,3.3163,13.5204,2.1684,12.8827,10.8418,2.4235,7.6531,5.6122,18.2398,2.1684,10.2041
Prelude6,E,minor,3.3163,13.5204,2.1684,12.8827,10.8418,2.4235,7.6531,5.6122,18.2398,2.1684,10.2041,10.9694
Prelude6,F,minor,13.5204,2.1684,12.8827,10.8418,2.4235,7.6531,5.6122,18.2398,2.1684,10.2041,10.9694,3.3163
Prelude6,F#/Gb,minor,2.1684,12.8827,10.8418,2.4235,7.6531,5.6122,18.2398,2.1684,10.2041,10.9694,3.3163,13.5204
Prelude6,G,minor,12.8827,10.8418,2.4235,7.6531,5.6122,18.2398,2.1684,10.2041,10.9694,3.3163,13.5204,2.1684
Prelude6,G#/Ab,minor,10.8418,2.4235,7.6531,5.6122,18.2398,2.1684,10.2041,10.9694,3.3163,13.5204,2.1684,12.8827
Prelude6,A,minor,2.4235,7.6531,5.6122,18.2398,2.1684,10.2041,10.9694,3.3163,13.5204,2.1684,12.8827,10.8418
Prelude6,A#/Bb,minor,7.6531,5.6122,18.2398,2.1684,10.2041,10.9694,3.3163,13.5204,2.1684,12.8827,10.8418,2.4235
Prelude6,B,minor,5.6122,18.2398,2.1684,10.2041,10.9694,3.3163,13.5204,2.1684,12.8827,10.8418,2.4235,7.6531
Prelude7,C,major,14.9401,0.9161,14.0944,0.4933,13.6011,10.6413,2.9598,13.5307,1.198,13.7421,3.0303,10.8527
Prelude7,C#/Db,major,0.9161,14.0944,0.4933,13.6011,10.6413,2.9598,13.5307,1.198,13.7421,3.0303,10.8527,14.9401
Prelude7,D,major,14.0944,0.4933,13.6011,10.6413,2.9598,13.5307,1.198,13.7421,3.0303,10.8527,14.9401,0.9161
Prelude7,D#/Eb,major,0.4933,13.6011,10.6413,2.9598,13.5307,1.198,13.7421,3.0303,10.8527,14.9401,0.9161,14.0944
Prelude7,E,major,13.6011,10.6413,2.9598,13.5307,1.198,13.7421,3.0303,10.8527,14.9401,0.9161,14.0944,0.4933
Prelude7,F,major,10.6413,2.9598,13.5307,1.198,13.7421,3.0303,10.8527,14.9401,0.9161,14.0944,0.4933,13.6011
Prelude7,F#/Gb,major,2.9598,13.5307,1.198,13.7421,3.0303,10.8527,14.9401,0.9161,14.0944,0.4933,13.6011,10.6413
Prelude7,G,major,13.5307,1.198,13.7421,3.0303,10.8527,14.9401,0.9161,14.0944,0.4933,13.6011,10.6413,2.9598
Prelude7,G#/Ab,major,1.198,13.7421,3.0303,10.8527,14.9401,0.9161,14.0944,0.4933,13.6011,10.6413,2.9598,13.5307
Prelude7,A,major,13.7421,3.0303,10.8527,14.9401,0.9161,14.0944,0.4933,13.6011,10.6413,2.9598,13.5307,1.198
Prelude7,A#/Bb,major,3.0303,10.8527,14.9401,0.9161,14.0944,0.4933,13.6011,10.6413,2.9598,13.5307,1.198,13.7421
Prelude7,B,major,10.8527,14.9401,0.9161,14.0944,0.4933,13.6011,10.6413,2.9598,13.5307,1.198,13.7421,3.0303
Prelude8,C,minor,16.0265,1.9868,11.9205,9.404,3.5762,12.5828,1.8543,16.4238,10.7285,3.1788,7.8146,4.5033
Prelude8,C#/Db,minor,1.9868,11.9205,9.404,3.5762,12.5828,1.8543,16.4238,10.7285,3.1788,7.8146,4.5033,16.0265
Prelude8,D,minor,11.9205,9.404,3.5762,12.5828,1.8543,16.4238,10.7285,3.1788,7.8146,4.5033,16.0265,1.9868
Prelude8,D#/Eb,minor,9.404,3.5762,12.5828,1.8543,16.4238,10.7285,3.1788,7.8146,4.5033,16.0265,1.9868,11.9205
Prelude8,E,minor,3.5762,12.5828,1.8543,16.4238,10.7285,3.1788,7.8146,4.5033,16.0265,1.9868,11.9205,9.404
Prelude8,F,minor,12.5828,1.8543,16.4238,10.7285,3.1788,7.8146,4.5033,16.0265,1.9868,11.9205,9.404,3.5762
Prelude8,F#/Gb,minor,1.8543,16.4238,10.7285,3.1788,7.8146,4.5033,16.0265,1.9868,11.9205,9.404,3.5762,12.5828
Prelude8,G,minor,16.4238,10.7285,3.1788,7.8146,4.5033,16.0265,1.9868,11.9205,9.404,3.5762,12.5828,1.8543
Prelude8,G#/Ab,minor,10.7285,3.1788,7.8146,4.5033,16.0265,1.9868,11.9205,9.404,3.5762,12.5828,1.8543,16.4238
Prelude8,A,minor,3.1788,7.8146,4.5033,16.0265,1.9868,11.9205,9.404,3.5762,12.5828,1.8543,16.4238,10.7285
Prelude8,A#/Bb,minor,7.8146,4.5033,16.0265,1.9868,11.9205,9.404,3.5762,12.5828,1.8543,16.4238,10.7285,3.1788
Prelude8,B,minor,4.5033,16.0265,1.9868,11.9205,9.404,3.5762,12.5828,1.8543,16.4238,10.7285,3.1788,7.8146
Prelude9,C,major,13.73,2.0595,12.8146,1.8307,13.2723,13.2723,2.9748,16.0183,0.9153,10.984,4.8055,7.3227
Prelude9,C#/Db,major,2.0595,12.8146,1.8307,13.2723,13.2723,2.9748,16.0183,0.9153,10.984,4.8055,7.3227,13.73
Prelude9,D,major,12.8146,1.8307,13.2723,13.2723,2.9748,16.0183,0.9153,10.984,4.8055,7.3227,13.73,2.0595
Prelude9,D#/Eb,major,1.8307,13.2723,13.2723,2.9748,16.0183,0.9153,10.984,4.8055,7.3227,13.73,2.0595,12.8146
Prelude9,E,major,13.2723,13.2723,2.9748,16.0183,0.9153,10.984,4.8055,7.3227,13.73,2.0595,12.8146,1.8307
Prelude9,F,major,13.2723,2.9748,16.0183,0.9153,10.984,4.8055,7.3227,13.73,2.0595,12.8146,1.8307,13.2723
Prelude9,F#/Gb,major,2.9748,16.0183,0.9153,10.984,4.8055,7.3227,13.73,2.0595,12.8146,1.8307,13.2723,13.2723
Prelude9,G,major,16.0183,0.9153,10.984,4.8055,7.3227,13.73,2.0595,12.8146,1.8307,13.2723,13.2723,2.9748
Prelude9,G#/Ab,major,0.9153,10.984,4.8055,7.3227,13.73,2.0595,12.8146,1.8307,13.2723,13.2723,2.9748,16.0183
Prelude9,A,major,10.984,4.8055,7.3227,13.73,2.0595,12.8146,1.8307,13.2723,13.2723,2.9748,16.0183,0.9153
Prelude9,A#/Bb,major,4.8055,7.3227,13.73,2.0595,12.8146,1.8307,13.2723,13.2723,2.9748,16.0183,0.9153,10.984
Prelude9,B,major,7.3227,13.73,2.0595,12.8146,1.8307,13.2723,13.2723,2.9748,16.0183,0.9153,10.984,4.8055
Prelude10,C,minor,13.0682,2.0292,10.3896,12.987,2.6786,18.1006,0.2435,16.3961,11.526,1.2987,7.4675,3.8149
Prelude10,C#/Db,minor,2.0292,10.3896,12.987,2.6786,18.1006,0.2435,16.3961,11.526,1.2987,7.4675,3.8149,13.0682
Prelude10,D,minor,10.3896,12.987,2.6786,18.1006,0.2435,16.3961,11.526,1.2987,7.4675,3.8149,13.0682,2.0292
Prelude10,D#/Eb,minor,12.987,2.6786,18.1006,0.2435,16.3961,11.526,1.2987,7.4675,3.8149,13.0682,2.0292,10.3896
Prelude10,E,minor,2.6786,18.1006,0.2435,16.3961,11.526,1.2987,7.4675,3.8149,13.0682,2.0292,10.3896,12.987
Prelude10,F,minor,18.1006,0.2435,16.3961,11.526,1.2987,7.4675,3.8149,13.0682,2.0292,10.3896,12.987,2.6786
Prelude10,F#/Gb,minor,0.2435,16.3961,11.526,1.2987,7.4675,3.8149,13.0682,2.0292,10.3896,12.987,2.6786,18.1006
Prelude10,G,minor,16.3961,11.526,1.2987,7.4675,3.8149,13.0682,2.0292,10.3896,12.987,2.6786,18.1006,0.2435
Prelude10,G#/Ab,minor,11.526,1.2987,7.4675,3.8149,13.0682,2.0292,10.3896,12.987,2.6786,18.1006,0.2435,16.3961
Prelude10,A,minor,1.2987,7.4675,3.8149,13.0682,2.0292,10.3896,12.987,2.6786,18.1006,0.2435,16.3961,11.526
Prelude10,A#/Bb,minor,7.4675,3.8149,13.0682,2.0292,10.3896,12.987,2.6786,18.1006,0.2435,16.3961,11.526,1.2987
Prelude10,B,minor,3.8149,13.0682,2.0292,10.3896,12.987,2.6786,18.1006,0.2435,16.3961,11.526,1.2987,7.4675
Prelude11,C,major,12.3484,2.9768,10.4741,1.6538,11.4664,13.5612,4.6307,15.215,4.8512,11.2459,2.7563,8.8203
Prelude11,C#/Db,major,2.9768,10.4741,1.6538,11.4664,13.5612,4.6307,15.215,4.8512,11.2459,2.7563,8.8203,12.3484
Prelude11,D,major,10.4741,1.6538,11.4664,13.5612,4.6307,15.215,4.8512,11.2459,2.7563,8.8203,12.3484,2.9768
Prelude11,D#/Eb,major,1.6538,11.4664,13.5612,4.6307,15.215,4.8512,11.2459,2.7563,8.8203,12.3484,2.9768,10.4741
Prelude11,E,major,11.4664,13.5612,4.6307,15.215,4.8512,11.2459,2.7563,8.8203,12.3484,2.9768,10.4741,1.6538
Prelude11,F,major,13.5612,4.6307,15.215,4.8512,11.2459,2.7563,8.8203,12.3484,2.9768,10.4741,1.6538,11.4664
Prelude11,F#/Gb,major,4.6307,15.215,4.8512,11.2459,2.7563,8.8203,12.3484,2.9768,10.4741,1.6538,11.4664,13.5612
Prelude11,G,major,15.215,4.8512,11.2459,2.7563,8.8203,12.3484,2.9768,10.4741,1.6538,11.4664,13.5612,4.6307
Prelude11,G#/Ab,major,4.8512,11.2459,2.7563,8.8203,12.3484,2.9768,10.4741,1.6538,11.4664,13.5612,4.6307,15.215
Prelude11,A,major,11.2459,2.7563,8.8203,12.3484,2.9768,10.4741,1.6538,11.4664,13.5612,4.6307,15.215,4.8512
Prelude11,A#/Bb,major,2.7563,8.8203,12.3484,2.9768,10.4741,1.6538,11.4664,13.5612,4.6307,15.215,4.8512,11.2459
Prelude11,B,major,8.8203,12.3484,2.9768,10.4741,1.6538,11.4664,13.5612,4.6307,15.215,4.8512,11.2459,2.7563
Prelude12,C,minor,16.2662,1.1091,12.939,10.7209,2.2181,12.5693,3.3272,18.4843,7.7634,2.7726,5.3604,6.4695
Prelude12,C#/Db,minor,1.1091,12.939,10.7209,2.2181,12.5693,3.3272,18.4843,7.7634,2.7726,5.3604,6.4695,16.2662
Prelude12,D,minor,12.939,10.7209,2.2181,12.5693,3.3272,18.4843,7.7634,2.7726,5.3604,6.4695,16.2662,1.1091
Prelude12,D#/Eb,minor,10.7209,2.2181,12.5693,3.3272,18.4843,7.7634,2.7726,5.3604,6.4695,16.2662,1.1091,12.939
Prelude12,E,minor,2.2181,12.5693,3.3272,18.4843,7.7634,2.7726,5.3604,6.4695,16.2662,1.1091,12.939,10.7209
Prelude12,F,minor,12.5693,3.3272,18.4843,7.7634,2.7726,5.3604,6.4695,16.2662,1.1091,12.939,10.7209,2.2181
Prelude12,F#/Gb,minor,3.3272,18.4843,7.7634,2.7726,5.3604,6.4695,16.2662,1.1091,12.939,10.7209,2.2181,12.5693
Prelude12,G,minor,18.4843,7.7634,2.7726,5.3604,6.4695,16.2662,1.1091,12.939,10.7209,2.2181,12.5693,3.3272
Prelude12,G#/Ab,minor,7.7634,2.7726,5.3604,6.4695,16.2662,1.1091,12.939,10.7209,2.2181,12.5693,3.3272,18.4843
Prelude12,A,minor,2.7726,5.3604,6.4695,16.2662,1.1091,12.939,10.7209,2.2181,12.5693,3.3272,18.4843,7.7634
Prelude12,A#/Bb,minor,5.3604,6.4695,16.2662,1.1091,12.939,10.7209,2.2181,12.5693,3.3272,18.4843,7.7634,2.7726
Prelude12,B,minor,6.4695,16.2662,1.1091,12.939,10.7209,2.2181,12.5693,3.3272,18.4843,7.7634,2.7726,5.3604
Prelude16,C,minor,17.1548,2.371,13.1102,13.5286,2.2315,18.5495,0.6974,14.5049,7.6709,1.9526,5.1604,3.0683
Prelude16,C#/Db,minor,2.371,13.1102,13.5286,2.2315,18.5495,0.6974,14.5049,7.6709,1.9526,5.1604,3.0683,17.1548
Prelude16,D,minor,13.1102,13.5286,2.2315,18.5495,0.6974,14.5049,7.6709,1.9526,5.1604,3.0683,17.1548,2.371
Prelude16,D#/Eb,minor,13.5286,2.2315,18.5495,0.6974,14.5049,7.6709,1.9526,5.1604,3.0683,17.1548,2.371,13.1102
Prelude16,E,minor,2.2315,18.5495,0.6974,14.5049,7.6709,1.9526,5.1604,3.0683,17.1548,2.371,13.1102,13.5286
Prelude16,F,minor,18.5495,0.6974,14.5049,7.6709,1.9526,5.1604,3.0683,17.1548,2.371,13.1102,13.5286,2.2315
Prelude16,F#/Gb,minor,0.6974,14.5049,7.6709,1.9526,5.1604,3.0683,17.1548,2.371,13.1102,13.5286,2.2315,18.5495
Prelude16,G,minor,14.5049,7.6709,1.9526,5.1604,3.0683,17.1548,2.371,13.1102,13.5286,2.2315,18.5495,0.6974
Prelude16,G#/Ab,minor,7.6709,1.9526,5.1604,3.0683,17.1548,2.371,13.1102,13.5286,2.2315,18.5495,0.6974,14.5049
Prelude16,A,minor,1.9526,5.1604,3.0683,17.1548,2.371,13.1102,13.5286,2.2315,18.5495,0.6974,14.5049,7.6709
Prelude16,A#/Bb,minor,5.1604,3.0683,17.1548,2.371,13.1102,13.5286,2.2315,18.5495,0.6974,14.5049,7.6709,1.9526
Prelude16,B,minor,3.0683,17.1548,2.371,13.1102,13.5286,2.2315,18.5495,0.6974,14.5049,7.6709,1.9526,5.1604
Prelude17,C,major,17.8886,0,14.8094,0,11.2903,9.2375,4.1056,17.7419,0,11.1437,0.7331,13.0499
Prelude17,C#/Db,major,0,14.8094,0,11.2903,9.2375,4.1056,17.7419,0,11.1437,0.7331,13.0499,17.8886
Prelude17,D,major,14.8094,0,11.2903,9.2375,4.1056,17.7419,0,11.1437,0.7331,13.0499,17.8886,0
Prelude17,D#/Eb,major,0,11.2903,9.2375,4.1056,17.7419,0,11.1437,0.7331,13.0499,17.8886,0,14.8094
Prelude17,E,major,11.2903,9.2375,4.1056,17.7419,0,11.1437,0.7331,13.0499,17.8886,0,14.8094,0
Prelude17,F,major,9.2375,4.1056,17.7419,0,11.1437,0.7331,13.0499,17.8886,0,14.8094,0,11.2903
Prelude17,F#/Gb,major,4.1056,17.7419,0,11.1437,0.7331,13.0499,17.8886,0,14.8094,0,11.2903,9.2375
Prelude17,G,major,17.7419,0,11.1437,0.7331,13.0499,17.8886,0,14.8094,0,11.2903,9.2375,4.1056
Prelude17,G#/Ab,major,0,11.1437,0.7331,13.0499,17.8886,0,14.8094,0,11.2903,9.2375,4.1056,17.7419
Prelude17,A,major,11.1437,0.7331,13.0499,17.8886,0,14.8094,0,11.2903,9.2375,4.1056,17.7419,0
Prelude17,A#/Bb,major,0.7331,13.0499,17.8886,0,14.8094,0,11.2903,9.2375,4.1056,17.7419,0,11.1437
Prelude17,B,major,13.0499,17.8886,0,14.8094,0,11.2903,9.2375,4.1056,17.7419,0,11.1437,0.7331
Prelude18,C,minor,14.6691,1.61,11.9857,11.8068,2.1467,14.6691,1.61,13.7746,10.1968,4.1145,10.1968,3.22
Prelude18,C#/Db,minor,1.61,11.9857,11.8068,2.1467,14.6691,1.61,13.7746,10.1968,4.1145,10.1968,3.22,14.6691
Prelude18,D,minor,11.9857,11.8068,2.1467,14.6691,1.61,13.7746,10.1968,4.1145,10.1968,3.22,14.6691,1.61
Prelude18,D#/Eb,minor,11.8068,2.1467,14.6691,1.61,13.7746,10.1968,4.1145,10.1968,3.22,14.6691,1.61,11.9857
Prelude18,E,minor,2.1467,14.6691,1.61,13.7746,10.1968,4.1145,10.1968,3.22,14.6691,1.61,11.9857,11.8068
Prelude18,F,minor,14.6691,1.61,13.7746,10.1968,4.1145,10.1968,3.22,14.6691,1.61,11.9857,11.8068,2.1467
Prelude18,F#/Gb,minor,1.61,13.7746,10.1968,4.1145,10.1968,3.22,14.6691,1.61,11.9857,11.8068,2.1467,14.6691
Prelude18,G,minor,13.7746,10.1968,4.1145,10.1968,3.22,14.6691,1.61,11.9857,11.8068,2.1467,14.6691,1.61
Prelude18,G#/Ab,minor,10.1968,4.1145,10.1968,3.22,14.6691,1.61,11.9857,11.8068,2.1467,14.6691,1.61,13.7746
Prelude18,A,minor,4.1145,10.1968,3.22,14.6691,1.61,11.9857,11.8068,2.1467,14.6691,1.61,13.7746,10.1968
Prelude18,A#/Bb,minor,10.1968,3.22,14.6691,1.61,11.9857,11.8068,2.1467,14.6691,1.61,13.7746,10.1968,4.1145
Prelude18,B,minor,3.22,14.6691,1.61,11.9857,11.8068,2.1467,14.6691,1.61,13.7746,10.1968,4.1145,10.1968
Prelude21,C,major,14.4427,1.7268,13.0298,0.6279,15.8556,6.4364,3.6107,19.9372,0.6279,10.2041,1.7268,11.7739
Prelude21,C#/Db,major,1.7268,13.0298,0.6279,15.8556,6.4364,3.6107,19.9372,0.6279,10.2041,1.7268,11.7739,14.4427
Prelude21,D,major,13.0298,0.6279,15.8556,6.4364,3.6107,19.9372,0.6279,10.2041,1.7268,11.7739,14.4427,1.7268
Prelude21,D#/Eb,major,0.6279,15.8556,6.4364,3.6107,19.9372,0.6279,10.2041,1.7268,11.7739,14.4427,1.7268,13.0298
Prelude21,E,major,15.8556,6.4364,3.6107,19.9372,0.6279,10.2041,1.7268,11.7739,14.4427,1.7268,13.0298,0.6279
Prelude21,F,major,6.4364,3.6107,19.9372,0.6279,10.2041,1.7268,11.7739,14.4427,1.7268,13.0298,0.6279,15.8556
Prelude21,F#/Gb,major,3.6107,19.9372,0.6279,10.2041,1.7268,11.7739,14.4427,1.7268,13.0298,0.6279,15.8556,6.4364
Prelude21,G,major,19.9372,0.6279,10.2041,1.7268,11.7739,14.4427,1.7268,13.0298,0.6279,15.8556,6.4364,3.6107
Prelude21,G#/Ab,major,0.6279,10.2041,1.7268,11.7739,14.4427,1.7268,13.0298,0.6279,15.8556,6.4364,3.6107,19.9372
Prelude21,A,major,10.2041,1.7268,11.7739,14.4427,1.7268,13.0298,0.6279,15.8556,6.4364,3.6107,19.9372,0.6279
Prelude21,A#/Bb,major,1.7268,11.7739,14.4427,1.7268,13.0298,0.6279,15.8556,6.4364,3.6107,19.9372,0.6279,10.2041
Prelude21,B,major,11.7739,14.4427,1.7268,13.0298,0.6279,15.8556,6.4364,3.6107,19.9372,0.6279,10.2041,1.7268
Prelude22,C,minor,19.201,0.1289,13.9175,11.5979,1.5464,11.5979,1.8041,16.366,7.9897,4.2526,4.8969,6.701
Prelude22,C#/Db,minor,0.1289,13.9175,11.5979,1.5464,11.5979,1.8041,16.366,7.9897,4.2526,4.8969,6.701,19.201
Prelude22,D,minor,13.9175,11.5979,1.5464,11.5979,1.8041,16.366,7.9897,4.2526,4.8969,6.701,19.201,0.1289
Prelude22,D#/Eb,minor,11.5979,1.5464,11.5979,1.8041,16.366,7.9897,4.2526,4.8969,6.701,19.201,0.1289,13.9175
Prelude22,E,minor,1.5464,11.5979,1.8041,16.366,7.9897,4.2526,4.8969,6.701,19.201,0.1289,13.9175,11.5979
Prelude22,F,minor,11.5979,1.8041,16.366,7.9897,4.2526,4.8969,6.701,19.201,0.1289,13.9175,11.5979,1.5464
Prelude22,F#/Gb,minor,1.8041,16.366,7.9897,4.2526,4.8969,6.701,19.201,0.1289,13.9175,11.5979,1.5464,11.5979
Prelude22,G,minor,16.366,7.9897,4.2526,4.8969,6.701,19.201,0.1289,13.9175,11.5979,1.5464,11.5979,1.8041
Prelude22,G#/Ab,minor,7.9897,4.2526,4.8969,6.701,19.201,0.1289,13.9175,11.5979,1.5464,11.5979,1.8041,16.366
Prelude22,A,minor,4.2526,4.8969,6.701,19.201,0.1289,13.9175,11.5979,1.5464,11.5979,1.8041,16.366,7.9897
Prelude22,A#/Bb,minor,4.8969,6.701,19.201,0.1289,13.9175,11.5979,1.5464,11.5979,1.8041,16.366,7.9897,4.2526
Prelude22,B,minor,6.701,19.201,0.1289,13.9175,11.5979,1.5464,11.5979,1.8041,16.366,7.9897,4.2526,4.8969
Prelude23,C,major,15.5875,0,13.6691,0.9592,12.9496,10.3118,1.6787,11.271,2.3981,15.1079,3.5971,12.47
Prelude23,C#/Db,major,0,13.6691,0.9592,12.9496,10.3118,1.6787,11.271,2.3981,15.1079,3.5971,12.47,15.5875
Prelude23,D,major,13.6691,0.9592,12.9496,10.3118,1.6787,11.271,2.3981,15.1079,3.5971,12.47,15.5875,0
Prelude23,D#/Eb,major,0.9592,12.9496,10.3118,1.6787,11.271,2.3981,15.1079,3.5971,12.47,15.5875,0,13.6691
Prelude23,E,major,12.9496,10.3118,1.6787,11.271,2.3981,15.1079,3.5971,12.47,15.5875,0,13.6691,0.9592
Prelude23,F,major,10.3118,1.6787,11.271,2.3981,15.1079,3.5971,12.47,15.5875,0,13.6691,0.9592,12.9496
Prelude23,F#/Gb,major,1.6787,11.271,2.3981,15.1079,3.5971,12.47,15.5875,0,13.6691,0.9592,12.9496,10.3118
Prelude23,G,major,11.271,2.3981,15.1079,3.5971,12.47,15.5875,0,13.6691,0.9592,12.9496,10.3118,1.6787
Prelude23,G#/Ab,major,2.3981,15.1079,3.5971,12.47,15.5875,0,13.6691,0.9592,12.9496,10.3118,1.6787,11.271
Prelude23,A,major,15.1079,3.5971,12.47,15.5875,0,13.6691,0.9592,12.9496,10.3118,1.6787,11.271,2.3981
Prelude23,A#/Bb,major,3.5971,12.47,15.5875,0,13.6691,0.9592,12.9496,10.3118,1.6787,11.271,2.3981,15.1079
Prelude23,B,major,12.47,15.5875,0,13.6691,0.9592,12.9496,10.3118,1.6787,11.271,2.3981,15.1079,3.5971
Fugue1,C,major,13.7517,0.9346,14.6862,0,14.1522,9.7463,3.2043,14.0187,1.6021,15.0868,1.6021,11.215
Fugue1,C#/Db,major,0.9346,14.6862,0,14.1522,9.7463,3.2043,14.0187,1.6021,15.0868,1.6021,11.215,13.7517
Fugue1,D,major,14.6862,0,14.1522,9.7463,3.2043,14.0187,1.6021,15.0868,1.6021,11.215,13.7517,0.9346
Fugue1,D#/Eb,major,0,14.1522,9.7463,3.2043,14.0187,1.6021,15.0868,1.6021,11.215,13.7517,0.9346,14.6862
Fugue1,E,major,14.1522,9.7463,3.2043,14.0187,1.6021,15.0868,1.6021,11.215,13.7517,0.9346,14.6862,0
Fugue1,F,major,9.7463,3.2043,14.0187,1.6021,15.0868,1.6021,11.215,13.7517,0.9346,14.6862,0,14.1522
Fugue1,F#/Gb,major,3.2043,14.0187,1.6021,15.0868,1.6021,11.215,13.7517,0.9346,14.6862,0,14.1522,9.7463
Fugue1,G,major,14.0187,1.6021,15.0868,1.6021,11.215,13.7517,0.9346,14.6862,0,14.1522,9.7463,3.2043
Fugue1,G#/Ab,major,1.6021,15.0868,1.6021,11.215,13.7517,0.9346,14.6862,0,14.1522,9.7463,3.2043,14.0187
Fugue1,A,major,15.0868,1.6021,11.215,13.7517,0.9346,14.6862,0,14.1522,9.7463,3.2043,14.0187,1.6021
Fugue1,A#/Bb,major,1.6021,11.215,13.7517,0.9346,14.6862,0,14.1522,9.7463,3.2043,14.0187,1.6021,15.0868
Fugue1,B,major,11.215,13.7517,0.9346,14.6862,0,14.1522,9.7463,3.2043,14.0187,1.6021,15.0868,1.6021
Fugue2,C,minor,16.1804,0.2653,12.9973,12.069,1.8568,13.5279,2.122,15.252,7.8249,4.3767,7.1618,6.366
Fugue2,C#/Db,minor,0.2653,12.9973,12.069,1.8568,13.5279,2.122,15.252,7.8249,4.3767,7.1618,6.366,16.1804
Fugue2,D,minor,12.9973,12.069,1.8568,13.5279,2.122,15.252,7.8249,4.3767,7.1618,6.366,16.1804,0.2653
Fugue2,D#/Eb,minor,12.069,1.8568,13.5279,2.122,15.252,7.8249,4.3767,7.1618,6.366,16.1804,0.2653,12.9973
Fugue2,E,minor,1.8568,13.5279,2.122,15.252,7.8249,4.3767,7.1618,6.366,16.1804,0.2653,12.9973,12.069
Fugue2,F,minor,13.5279,2.122,15.252,7.8249,4.3767,7.1618,6.366,16.1804,0.2653,12.9973,12.069,1.8568
Fugue2,F#/Gb,minor,2.122,15.252,7.8249,4.3767,7.1618,6.366,16.1804,0.2653,12.9973,12.069,1.8568,13.5279
Fugue2,G,minor,15.252,7.8249,4.3767,7.1618,6.366,16.1804,0.2653,12.9973,12.069,1.8568,13.5279,2.122
Fugue2,G#/Ab,minor,7.8249,4.3767,7.1618,6.366,16.1804,0.2653,12.9973,12.069,1.8568,13.5279,2.122,15.252
Fugue2,A,minor,4.3767,7.1618,6.366,16.1804,0.2653,12.9973,12.069,1.8568,13.5279,2.122,15.252,7.8249
Fugue2,A#/Bb,minor,7.1618,6.366,16.1804,0.2653,12.9973,12.069,1.8568,13.5279,2.122,15.252,7.8249,4.3767
Fugue2,B,minor,6.366,16.1804,0.2653,12.9973,12.069,1.8568,13.5279,2.122,15.252,7.8249,4.3767,7.1618
Fugue3,C,major,13.2089,1.7289,13.1397,1.3831,13.9004,9.2669,4.0111,17.7732,0.2075,13.1397,1.314,10.9267
Fugue3,C#/Db,major,1.7289,13.1397,1.3831,13.9004,9.2669,4.0111,17.7732,0.2075,13.1397,1.314,10.9267,13.2089
Fugue3,D,major,13.1397,1.3831,13.9004,9.2669,4.0111,17.7732,0.2075,13.1397,1.314,10.9267,13.2089,1.7289
Fugue3,D#/Eb,major,1.3831,13.9004,9.2669,4.0111,17.7732,0.2075,13.1397,1.314,10.9267,13.2089,1.7289,13.1397
Fugue3,E,major,13.9004,9.2669,4.0111,17.7732,0.2075,13.1397,1.314,10.9267,13.2089,1.7289,13.1397,1.3831
Fugue3,F,major,9.2669,4.0111,17.7732,0.2075,13.1397,1.314,10.9267,13.2089,1.7289,13.1397,1.3831,13.9004
Fugue3,F#/Gb,major,4.0111,17.7732,0.2075,13.1397,1.314,10.9267,13.2089,1.7289,13.1397,1.3831,13.9004,9.2669
Fugue3,G,major,17.7732,0.2075,13.1397,1.314,10.9267,13.2089,1.7289,13.1397,1.3831,13.9004,9.2669,4.0111
Fugue3,G#/Ab,major,0.2075,13.1397,1.314,10.9267,13.2089,1.7289,13.1397,1.3831,13.9004,9.2669,4.0111,17.7732
Fugue3,A,major,13.1397,1.314,10.9267,13.2089,1.7289,13.1397,1.3831,13.9004,9.2669,4.0111,17.7732,0.2075
Fugue3,A#/Bb,major,1.314,10.9267,13.2089,1.7289,13.1397,1.3831,13.9004,9.2669,4.0111,17.7732,0.2075,13.1397
Fugue3,B,major,10.9267,13.2089,1.7289,13.1397,1.3831,13.9004,9.2669,4.0111,17.7732,0.2075,13.1397,1.314
Fugue4,C,minor,16.0334,2.5836,11.3222,12.31,2.2036,15.0456,0.9119,15.3495,8.4347,3.4954,8.4347,3.8754
Fugue4,C#/Db,minor,2.5836,11.3222,12.31,2.2036,15.0456,0.9119,15.3495,8.4347,3.4954,8.4347,3.8754,16.0334
Fugue4,D,minor,11.3222,12.31,2.2036,15.0456,0.9119,15.3495,8.4347,3.4954,8.4347,3.8754,16.0334,2.5836
Fugue4,D#/Eb,minor,12.31,2.2036,15.0456,0.9119,15.3495,8.4347,3.4954,8.4347,3.8754,16.0334,2.5836,11.3222
Fugue4,E,minor,2.2036,15.0456,0.9119,15.3495,8.4347,3.4954,8.4347,3.8754,16.0334,2.5836,11.3222,12.31
Fugue4,F,minor,15.0456,0.9119,15.3495,8.4347,3.4954,8.4347,3.8754,16.0334,2.5836,11.3222,12.31,2.2036
Fugue4,F#/Gb,minor,0.9119,15.3495,8.4347,3.4954,8.4347,3.8754,16.0334,2.5836,11.3222,12.31,2.2036,15.0456
Fugue4,G,minor,15.3495,8.4347,3.4954,8.4347,3.8754,16.0334,2.5836,11.3222,12.31,2.2036,15.0456,0.9119
Fugue4,G#/Ab,minor,8.4347,3.4954,8.4347,3.8754,16.0334,2.5836,11.3222,12.31,2.2036,15.0456,0.9119,15.3495
Fugue4,A,minor,3.4954,8.4347,3.8754,16.0334,2.5836,11.3222,12.31,2.2036,15.0456,0.9119,15.3495,8.4347
Fugue4,A#/Bb,minor,8.4347,3.8754,16.0334,2.5836,11.3222,12.31,2.2036,15.0456,0.9119,15.3495,8.4347,3.4954
Fugue4,B,minor,3.8754,16.0334,2.5836,11.3222,12.31,2.2036,15.0456,0.9119,15.3495,8.4347,3.4954,8.4347
Fugue5,C,major,15.3471,0.2436,14.7381,0,14.9817,13.5201,0.9744,14.3727,0.1218,13.1547,2.4361,10.1096
Fugue5,C#/Db,major,0.2436,14.7381,0,14.9817,13.5201,0.9744,14.3727,0.1218,13.1547,2.4361,10.1096,15.3471
Fugue5,D,major,14.7381,0,14.9817,13.5201,0.9744,14.3727,0.1218,13.1547,2.4361,10.1096,15.3471,0.2436
Fugue5,D#/Eb,major,0,14.9817,13.5201,0.9744,14.3727,0.1218,13.1547,2.4361,10.1096,15.3471,0.2436,14.7381
Fugue5,E,major,14.9817,13.5201,0.9744,14.3727,0.1218,13.1547,2.4361,10.1096,15.3471,0.2436,14.7381,0
Fugue5,F,major,13.5201,0.9744,14.3727,0.1218,13.1547,2.4361,10.1096,15.3471,0.2436,14.7381,0,14.9817
Fugue5,F#/Gb,major,0.9744,14.3727,0.1218,13.1547,2.4361,10.1096,15.3471,0.2436,14.7381,0,14.9817,13.5201
Fugue5,G,major,14.3727,0.1218,13.1547,2.4361,10.1096,15.3471,0.2436,14.7381,0,14.9817,13.5201,0.9744
Fugue5,G#/Ab,major,0.1218,13.1547,2.4361,10.1096,15.3471,0.2436,14.7381,0,14.9817,13.5201,0.9744,14.3727
Fugue5,A,major,13.1547,2.4361,10.1096,15.3471,0.2436,14.7381,0,14.9817,13.5201,0.9744,14.3727,0.1218
Fugue5,A#/Bb,major,2.4361,10.1096,15.3471,0.2436,14.7381,0,14.9817,13.5201,0.9744,14.3727,0.1218,13.1547
Fugue5,B,major,10.1096,15.3471,0.2436,14.7381,0,14.9817,13.5201,0.9744,14.3727,0.1218,13.1547,2.4361
Fugue7,C,major,13.2706,1.3584,14.1066,0.418,14.5246,9.9269,2.8213,11.7032,2.2989,13.5841,1.5674,14.4201
Fugue7,C#/Db,major,1.3584,14.1066,0.418,14.5246,9.9269,2.8213,11.7032,2.2989,13.5841,1.5674,14.4201,13.2706
Fugue7,D,major,14.1066,0.418,14.5246,9.9269,2.8213,11.7032,2.2989,13.5841,1.5674,14.4201,13.2706,1.3584
Fugue7,D#/Eb,major,0.418,14.5246,9.9269,2.8213,11.7032,2.2989,13.5841,1.5674,14.4201,13.2706,1.3584,14.1066
Fugue7,E,major,14.5246,9.9269,2.8213,11.7032,2.2989,13.5841,1.5674,14.4201,13.2706,1.3584,14.1066,0.418
Fugue7,F,major,9.9269,2.8213,11.7032,2.2989,13.5841,1.5674,14.4201,13.2706,1.3584,14.1066,0.418,14.5246
Fugue7,F#/Gb,major,2.8213,11.7032,2.2989,13.5841,1.5674,14.4201,13.2706,1.3584,14.1066,0.418,14.5246,9.9269
Fugue7,G,major,11.7032,2.2989,13.5841,1.5674,14.4201,13.2706,1.3584,14.1066,0.418,14.5246,9.9269,2.8213
Fugue7,G#/Ab,major,2.2989,13.5841,1.5674,14.4201,13.2706,1.3584,14.1066,0.418,14.5246,9.9269,2.8213,11.7032
Fugue7,A,major,13.5841,1.5674,14.4201,13.2706,1.3584,14.1066,0.418,14.5246,9.9269,2.8213,11.7032,2.2989
Fugue7,A#/Bb,major,1.5674,14.4201,13.2706,1.3584,14.1066,0.418,14.5246,9.9269,2.8213,11.7032,2.2989,13.5841
Fugue7,B,major,14.4201,13.2706,1.3584,14.1066,0.418,14.5246,9.9269,2.8213,11.7032,2.2989,13.5841,1.5674
Fugue9,C,major,15.2797,0.1364,12.1419,0.1364,14.3247,11.869,2.3192,15.1432,1.3643,13.6426,1.5007,12.1419
Fugue9,C#/Db,major,0.1364,12.1419,0.1364,14.3247,11.869,2.3192,15.1432,1.3643,13.6426,1.5007,12.1419,15.2797
Fugue9,D,major,12.1419,0.1364,14.3247,11.869,2.3192,15.1432,1.3643,13.6426,1.5007,12.1419,15.2797,0.1364
Fugue9,D#/Eb,major,0.1364,14.3247,11.869,2.3192,15.1432,1.3643,13.6426,1.5007,12.1419,15.2797,0.1364,12.1419
Fugue9,E,major,14.3247,11.869,2.3192,15.1432,1.3643,13.6426,1.5007,12.1419,15.2797,0.1364,12.1419,0.1364
Fugue9,F,major,11.869,2.3192,15.1432,1.3643,13.6426,1.5007,12.1419,15.2797,0.1364,12.1419,0.1364,14.3247
Fugue9,F#/Gb,major,2.3192,15.1432,1.3643,13.6426,1.5007,12.1419,15.2797,0.1364,12.1419,0.1364,14.3247,11.869
Fugue9,G,major,15.1432,1.3643,13.6426,1.5007,12.1419,15.2797,0.1364,12.1419,0.1364,14.3247,11.869,2.3192
Fugue9,G#/Ab,major,1.3643,13.6426,1.5007,12.1419,15.2797,0.1364,12.1419,0.1364,14.3247,11.869,2.3192,15.1432
Fugue9,A,major,13.6426,1.5007,12.1419,15.2797,0.1364,12.1419,0.1364,14.3247,11.869,2.3192,15.1432,1.3643
Fugue9,A#/Bb,major,1.5007,12.1419,15.2797,0.1364,12.1419,0.1364,14.3247,11.869,2.3192,15.1432,1.3643,13.6426
Fugue9,B,major,12.1419,15.2797,0.1364,12.1419,0.1364,14.3247,11.869,2.3192,15.1432,1.3643,13.6426,1.5007
Fugue10,C,minor,15.3086,3.5802,9.0123,10.4938,3.8272,13.8272,2.716,12.963,7.037,5.8025,12.4691,2.963
Fugue10,C#/Db,minor,3.5802,9.0123,10.4938,3.8272,13.8272,2.716,12.963,7.037,5.8025,12.4691,2.963,15.3086
Fugue10,D,minor,9.0123,10.4938,3.8272,13.8272,2.716,12.963,7.037,5.8025,12.4691,2.963,15.3086,3.5802
Fugue10,D#/Eb,minor,10.4938,3.8272,13.8272,2.716,12.963,7.037,5.8025,12.4691,2.963,15.3086,3.5802,9.0123
Fugue10,E,minor,3.8272,13.8272,2.716,12.963,7.037,5.8025,12.4691,2.963,15.3086,3.5802,9.0123,10.4938
Fugue10,F,minor,13.8272,2.716,12.963,7.037,5.8025,12.4691,2.963,15.3086,3.5802,9.0123,10.4938,3.8272
Fugue10,F#/Gb,minor,2.716,12.963,7.037,5.8025,12.4691,2.963,15.3086,3.5802,9.0123,10.4938,3.8272,13.8272
Fugue10,G,minor,12.963,7.037,5.8025,12.4691,2.963,15.3086,3.5802,9.0123,10.4938,3.8272,13.8272,2.716
Fugue10,G#/Ab,minor,7.037,5.8025,12.4691,2.963,15.3086,3.5802,9.0123,10.4938,3.8272,13.8272,2.716,12.963
Fugue10,A,minor,5.8025,12.4691,2.963,15.3086,3.5802,9.0123,10.4938,3.8272,13.8272,2.716,12.963,7.037
Fugue10,A#/Bb,minor,12.4691,2.963,15.3086,3.5802,9.0123,10.4938,3.8272,13.8272,2.716,12.963,7.037,5.8025
Fugue10,B,minor,2.963,15.3086,3.5802,9.0123,10.4938,3.8272,13.8272,2.716,12.963,7.037,5.8025,12.4691
Fugue14,C,minor,16.2847,0.965,13.6309,11.2183,3.8601,11.7008,2.0507,14.234,5.5489,6.152,9.4089,4.9457
Fugue14,C#/Db,minor,0.965,13.6309,11.2183,3.8601,11.7008,2.0507,14.234,5.5489,6.152,9.4089,4.9457,16.2847
Fugue14,D,minor,13.6309,11.2183,3.8601,11.7008,2.0507,14.234,5.5489,6.152,9.4089,4.9457,16.2847,0.965
Fugue14,D#/Eb,minor,11.2183,3.8601,11.7008,2.0507,14.234,5.5489,6.152,9.4089,4.9457,16.2847,0.965,13.6309
Fugue14,E,minor,3.8601,11.7008,2.0507,14.234,5.5489,6.152,9.4089,4.9457,16.2847,0.965,13.6309,11.2183
Fugue14,F,minor,11.7008,2.0507,14.234,5.5489,6.152,9.4089,4.9457,16.2847,0.965,13.6309,11.2183,3.8601
Fugue14,F#/Gb,minor,2.0507,14.234,5.5489,6.152,9.4089,4.9457,16.2847,0.965,13.6309,11.2183,3.8601,11.7008
Fugue14,G,minor,14.234,5.5489,6.152,9.4089,4.9457,16.2847,0.965,13.6309,11.2183,3.8601,11.7008,2.0507
Fugue14,G#/Ab,minor,5.5489,6.152,9.4089,4.9457,16.2847,0.965,13.6309,11.2183,3.8601,11.7008,2.0507,14.234
Fugue14,A,minor,6.152,9.4089,4.9457,16.2847,0.965,13.6309,11.2183,3.8601,11.7008,2.0507,14.234,5.5489
Fugue14,A#/Bb,minor,9.4089,4.9457,16.2847,0.965,13.6309,11.2183,3.8601,11.7008,2.0507,14.234,5.5489,6.152
Fugue14,B,minor,4.9457,16.2847,0.965,13.6309,11.2183,3.8601,11.7008,2.0507,14.234,5.5489,6.152,9.4089
Fugue16,C,minor,16.2416,2.0134,11.5436,12.2148,1.8792,12.4832,0.9396,16.3758,9.6644,3.6242,8.9933,4.0268
Fugue16,C#/Db,minor,2.0134,11.5436,12.2148,1.8792,12.4832,0.9396,16.3758,9.6644,3.6242,8.9933,4.0268,16.2416
Fugue16,D,minor,11.5436,12.2148,1.8792,12.4832,0.9396,16.3758,9.6644,3.6242,8.9933,4.0268,16.2416,2.0134
Fugue16,D#/Eb,minor,12.2148,1.8792,12.4832,0.9396,16.3758,9.6644,3.6242,8.9933,4.0268,16.2416,2.0134,11.5436
Fugue16,E,minor,1.8792,12.4832,0.9396,16.3758,9.6644,3.6242,8.9933,4.0268,16.2416,2.0134,11.5436,12.2148
Fugue16,F,minor,12.4832,0.9396,16.3758,9.6644,3.6242,8.9933,4.0268,16.2416,2.0134,11.5436,12.2148,1.8792
Fugue16,F#/Gb,minor,0.9396,16.3758,9.6644,3.6242,8.9933,4.0268,16.2416,2.0134,11.5436,12.2148,1.8792,12.4832
Fugue16,G,minor,16.3758,9.6644,3.6242,8.9933,4.0268,16.2416,2.0134,11.5436,12.2148,1.8792,12.4832,0.9396
Fugue16,G#/Ab,minor,9.6644,3.6242,8.9933,4.0268,16.2416,2.0134,11.5436,12.2148,1.8792,12.4832,0.9396,16.3758
Fugue16,A,minor,3.6242,8.9933,4.0268,16.2416,2.0134,11.5436,12.2148,1.8792,12.4832,0.9396,16.3758,9.6644
Fugue16,A#/Bb,minor,8.9933,4.0268,16.2416,2.0134,11.5436,12.2148,1.8792,12.4832,0.9396,16.3758,9.6644,3.6242
Fugue16,B,minor,4.0268,16.2416,2.0134,11.5436,12.2148,1.8792,12.4832,0.9396,16.3758,9.6644,3.6242,8.9933
Fugue17,C,major,14.7392,1.0204,13.9456,0.1134,13.2653,11.3379,2.0408,14.1723,1.5873,15.0794,2.0408,10.6576
Fugue17,C#/Db,major,1.0204,13.9456,0.1134,13.2653,11.3379,2.0408,14.1723,1.5873,15.0794,2.0408,10.6576,14.7392
Fugue17,D,major,13.9456,0.1134,13.2653,11.3379,2.0408,14.1723,1.5873,15.0794,2.0408,10.6576,14.7392,1.0204
Fugue17,D#/Eb,major,0.1134,13.2653,11.3379,2.0408,14.1723,1.5873,15.0794,2.0408,10.6576,14.7392,1.0204,13.9456
Fugue17,E,major,13.2653,11.3379,2.0408,14.1723,1.5873,15.0794,2.0408,10.6576,14.7392,1.0204,13.9456,0.1134
Fugue17,F,major,11.3379,2.0408,14.1723,1.5873,15.0794,2.0408,10.6576,14.7392,1.0204,13.9456,0.1134,13.2653
Fugue17,F#/Gb,major,2.0408,14.1723,1.5873,15.0794,2.0408,10.6576,14.7392,1.0204,13.9456,0.1134,13.2653,11.3379
Fugue17,G,major,14.1723,1.5873,15.0794,2.0408,10.6576,14.7392,1.0204,13.9456,0.1134,13.2653,11.3379,2.0408
Fugue17,G#/Ab,major,1.5873,15.0794,2.0408,10.6576,14.7392,1.0204,13.9456,0.1134,13.2653,11.3379,2.0408,14.1723
Fugue17,A,major,15.0794,2.0408,10.6576,14.7392,1.0204,13.9456,0.1134,13.2653,11.3379,2.0408,14.1723,1.5873
Fugue17,A#/Bb,major,2.0408,10.6576,14.7392,1.0204,13.9456,0.1134,13.2653,11.3379,2.0408,14.1723,1.5873,15.0794
Fugue17,B,major,10.6576,14.7392,1.0204,13.9456,0.1134,13.2653,11.3379,2.0408,14.1723,1.5873,15.0794,2.0408
Fugue18,C,minor,15.2201,1.8868,12.956,9.434,3.7736,11.3208,2.1384,17.1069,8.1761,4.0252,9.5597,4.4025
Fugue18,C#/Db,minor,1.8868,12.956,9.434,3.7736,11.3208,2.1384,17.1069,8.1761,4.0252,9.5597,4.4025,15.2201
Fugue18,D,minor,12.956,9.434,3.7736,11.3208,2.1384,17.1069,8.1761,4.0252,9.5597,4.4025,15.2201,1.8868
Fugue18,D#/Eb,minor,9.434,3.7736,11.3208,2.1384,17.1069,8.1761,4.0252,9.5597,4.4025,15.2201,1.8868,12.956
Fugue18,E,minor,3.7736,11.3208,2.1384,17.1069,8.1761,4.0252,9.5597,4.4025,15.2201,1.8868,12.956,9.434
Fugue18,F,minor,11.3208,2.1384,17.1069,8.1761,4.0252,9.5597,4.4025,15.2201,1.8868,12.956,9.434,3.7736
Fugue18,F#/Gb,minor,2.1384,17.1069,8.1761,4.0252,9.5597,4.4025,15.2201,1.8868,12.956,9.434,3.7736,11.3208
Fugue18,G,minor,17.1069,8.1761,4.0252,9.5597,4.4025,15.2201,1.8868,12.956,9.434,3.7736,11.3208,2.1384
Fugue18,G#/Ab,minor,8.1761,4.0252,9.5597,4.4025,15.2201,1.8868,12.956,9.434,3.7736,11.3208,2.1384,17.1069
Fugue18,A,minor,4.0252,9.5597,4.4025,15.2201,1.8868,12.956,9.434,3.7736,11.3208,2.1384,17.1069,8.1761
Fugue18,A#/Bb,minor,9.5597,4.4025,15.2201,1.8868,12.956,9.434,3.7736,11.3208,2.1384,17.1069,8.1761,4.0252
Fugue18,B,minor,4.4025,15.2201,1.8868,12.956,9.434,3.7736,11.3208,2.1384,17.1069,8.1761,4.0252,9.5597
Fugue20,C,minor,14.5221,2.3169,11.4605,11.7915,2.9375,13.9429,1.1585,15.722,9.0608,3.8477,10.633,2.6065
Fugue20,C#/Db,minor,2.3169,11.4605,11.7915,2.9375,13.9429,1.1585,15.722,9.0608,3.8477,10.633,2.6065,14.5221
Fugue20,D,minor,11.4605,11.7915,2.9375,13.9429,1.1585,15.722,9.0608,3.8477,10.633,2.6065,14.5221,2.3169
Fugue20,D#/Eb,minor,11.7915,2.9375,13.9429,1.1585,15.722,9.0608,3.8477,10.633,2.6065,14.5221,2.3169,11.4605
Fugue20,E,minor,2.9375,13.9429,1.1585,15.722,9.0608,3.8477,10.633,2.6065,14.5221,2.3169,11.4605,11.7915
Fugue20,F,minor,13.9429,1.1585,15.722,9.0608,3.8477,10.633,2.6065,14.5221,2.3169,11.4605,11.7915,2.9375
Fugue20,F#/Gb,minor,1.1585,15.722,9.0608,3.8477,10.633,2.6065,14.5221,2.3169,11.4605,11.7915,2.9375,13.9429
Fugue20,G,minor,15.722,9.0608,3.8477,10.633,2.6065,14.5221,2.3169,11.4605,11.7915,2.9375,13.9429,1.1585
Fugue20,G#/Ab,minor,9.0608,3.8477,10.633,2.6065,14.5221,2.3169,11.4605,11.7915,2.9375,13.9429,1.1585,15.722
Fugue20,A,minor,3.8477,10.633,2.6065,14.5221,2.3169,11.4605,11.7915,2.9375,13.9429,1.1585,15.722,9.0608
Fugue20,A#/Bb,minor,10.633,2.6065,14.5221,2.3169,11.4605,11.7915,2.9375,13.9429,1.1585,15.722,9.0608,3.8477
Fugue20,B,minor,2.6065,14.5221,2.3169,11.4605,11.7915,2.9375,13.9429,1.1585,15.722,9.0608,3.8477,10.633
Fugue21,C,major,14.9049,1.2685,15.222,0.2114,14.5877,11.0994,2.3256,12.8964,2.1142,12.4736,1.797,11.0994
Fugue21,C#/Db,major,1.2685,15.222,0.2114,14.5877,11.0994,2.3256,12.8964,2.1142,12.4736,1.797,11.0994,14.9049
Fugue21,D,major,15.222,0.2114,14.5877,11.0994,2.3256,12.8964,2.1142,12.4736,1.797,11.0994,14.9049,1.2685
